112483
338
4035
4311
23221
51
284217
288
229
54346
283375
57549
345
63928
55715
55630
389434
51170
53841
54825
84570
7104
2330
89872
55450
4224
129807
56894
2346
6154
64781
11057
28982
337
84293
64284
4225
50865
83661
334
335
670
79901
5565
6256
2981
3914
1576
55256
1979
84281
4756
5313
57476
5432
4493
9153
340024
9104
2495
9963
1389
92291
115584
7439
9429
3486
3032
285440
3158
84649
1525
127
5792
64225
79777
7035
113235
392636
847
8876
84299
1559
6139
79875
2064
118471
55737
23098
55437
64399
26232
2203
649
163590
10500
9616
23761
5243
92840
10050
341116
4942
64240
5502
6476
54658
38
5184
64081
6097
10014
100507537
56624
248
60598
57657
1528
93517
153769
84866
54884
56241
1891
79762
54621
55101
11282
125931
5948
22949
